4294967294,472
4294967279,281
4294967279,532
4294967279,531
4294967279,530
4294967279,529
4294967279,528
4294967279,527
4294967279,526
4294967279,525
4294967279,524
4294967279,523
4294967279,522
4294967279,521
4294967279,520
4294967279,519
4294967279,518
4294967279,517
4294967279,516
4294967279,515
4294967279,514
4294967294,592
4294967279,513
4294967279,512
4294967279,447
4294967279,446
4294967279,445
4294967279,444
4294967279,443
4294967279,442
4294967279,441
4294967279,440
4294967279,439
4294967279,438
4294967279,437
4294967279,436
4294967279,435
4294967279,434
4294967279,433
4294967279,432
4294967279,431
4294967279,430
4294967279,429
4294967279,428
4294967279,427
4294967279,426
4294967279,425
4294967279,424
4294967279,423
4294967279,422
4294967279,421
4294967279,420
4294967279,419
4294967279,418
4294967279,417
4294967279,416
4294967279,415
4294967279,414
4294967279,413
4294967279,412
4294967279,411
4294967279,410
4294967279,409
4294967279,408
4294967279,407
4294967279,406
4294967279,405
4294967279,404
4294967279,403
4294967279,402
4294967279,401
4294967279,400
4294967279,399
4294967279,398
4294967279,397
4294967279,396
4294967279,395
4294967279,394
4294967279,393
4294967279,392
4294967279,391
4294967279,390
4294967279,280
4294967279,260
4294967279,0
4294967294,470
4294967294,468
4294967294,467
4294967294,466
4294967294,601
4294967294,584
4294967294,600
4294967294,456
4294967294,454
4294967294,126
4294967294,127
4294967294,1242
4294967294,1244
4294967294,455
4294967294,461
4294967294,120
4294967294,118
4294967294,117
4294967294,116
4294967294,113
4294967294,112
4294967294,111
4294967294,110
4294967294,109
4294967294,114
4294967294,108
4294967294,1246
4294967294,107
4294967294,106
4294967294,105
4294967294,104
4294967294,103
4294967294,102
4294967294,101
4294967294,100
4294967294,99
4294967294,98
4294967294,97
4294967294,92
4294967294,91
4294967294,90
4294967294,88
4294967294,87
4294967294,86
4294967294,85
4294967294,84
4294967294,1247
4294967294,83
4294967294,82
4294967294,80
4294967294,79
4294967294,78
4294967294,77
4294967294,76
4294967294,75
4294967294,74
4294967294,73
4294967294,115
4294967294,1245
4294967294,1243
4294967294,590
4294967294,448
4294967294,119
4294967294,465
4294967294,469
4294967294,96
4294967294,95
4294967294,94
4294967294,89
4294967294,93
4294967294,69
4294967294,68
4294967294,67
4294967294,383
4294967294,382
4294967294,381
4294967293,131
4294967293,130
4294967293,129
4294967293,128
4294967293,63
4294967293,62
4294967293,61
4294967293,60
4294967293,59
4294967293,58
4294967293,57
4294967293,56
4294967293,55
4294967293,54
4294967294,1422
4294967294,1087
4294967294,1417
4294967294,1416
4294967294,1415
4294967294,1414
4294967294,1056
4294967294,1055
4294967294,447
4294967294,445
4294967294,444
4294967294,432
4294967294,430
4294967294,428
4294967294,427
4294967294,426
4294967294,423
4294967294,35
4294967279,88
4294967294,8
4294967278,288
4294967294,59
4294967294,58
4294967294,188
4294967294,181
4294967294,182
4294967294,180
4294967294,177
4294967294,1165
4294967294,1164
4294967294,1162
4294967294,175
4294967294,174
4294967294,173
4294967294,172
4294967294,171
4294967294,1163
4294967294,169
4294967294,164
4294967294,1159
4294967294,163
4294967294,189
4294967294,384
4294967294,190
4294967294,160
4294967294,1161
4294967294,1160
4294967294,434
4294967294,14
4294967294,13
4294967294,12
4294967278,287
4294967278,260
4294967278,0
4294967294,20
4294967294,19
4294967294,18
4294967294,5
4294967294,422
4294967294,1154
4294967294,1085
4294967294,170
4294967294,1070
4294967294,1072
4294967294,393
4294967294,409
4294967294,421
4294967294,179
4294967294,407
4294967294,183
4294967294,406
4294967294,184
4294967294,416
4294967294,168
4294967294,165
4294967294,162
4294967294,167
4294967294,1074
4294967294,161
4294967294,1156
4294967294,176
4294967294,185
4294967294,1057
4294967294,1079
4294967294,1067
4294967294,53
4294967294,52
4294967294,386
4294967294,387
4294967294,417
4294967294,51
4294967294,49
4294967294,48
4294967294,47
4294967294,439
4294967294,392
4294967294,45
4294967294,388
4294967294,389
4294967294,429
4294967294,44
4294967294,425
4294967294,43
4294967294,42
4294967294,41
4294967294,40
4294967294,39
4294967294,38
4294967294,37
4294967294,36
4294967294,1068
4294967294,395
4294967294,29
4294967294,1080
4294967294,187
4294967294,399
4294967294,186
4294967294,28
4294967294,1086
4294967294,178
4294967294,27
4294967294,420
4294967294,1076
4294967294,1082
4294967294,398
4294967294,411
4294967294,26
4294967294,404
4294967294,191
4294967294,400
4294967294,25
4294967294,166
4294967294,394
4294967294,24
4294967294,17
